19 20
18 25
6 23
9 23
17 17
19 15
19 19
7 23
22 25
12 25
25 22
25 18
16 23
19 17
27 25
25 21
8 23
13 23
17 9
4 25
17 13
19 10
27 23
25 8
23 11
23 12
4 23
14 23
25 12
25 20
25 14
23 23
19 21
9 25
17 21
25 17
13 25
17 12
19 11
23 22
14 25
23 14
17 20
17 8
8 25
17 22
11 25
17 18
19 18
25 23
25 11
10 23
17 15
25 13
17 14
19 14
17 11
23 10
19 23
25 19
24 7
23 21
19 16
25 10
23 20
7 25
19 8
19 22
5 25
17 23
11 23
25 16
15 25
25 15
5 23
10 25
19 9
23 25
6 25
23 9
23 16
17 16
12 23
24 25
25 25
19 12
25 9
23 15
23 18
17 19
15 23
23 8
23 13
17 25
16 25
22 23
19 25
19 13
23 17
23 19
26 23
26 25
17 10
