33 22
6 17
12 17
16 13
27 23
16 22
25 23
40 17
34 17
9 23
28 23
16 16
34 23
33 16
48 17
32 23
33 11
33 15
26 27
7 17
16 12
33 21
26 29
44 23
13 17
16 14
25 17
30 17
16 15
10 23
39 17
26 23
20 17
35 23
41 17
21 17
6 23
38 23
3 17
28 17
18 23
42 17
4 17
26 17
17 17
2 17
16 18
19 23
33 17
41 23
46 17
3 23
45 17
35 17
23 23
44 17
14 23
21 23
24 17
43 23
5 17
10 17
27 17
31 23
22 17
16 20
43 17
7 23
37 17
33 19
16 23
33 18
8 23
33 23
8 17
32 17
29 23
30 23
33 13
47 17
45 23
33 20
33 14
37 23
46 23
16 17
26 26
2 23
39 23
16 19
12 23
31 17
29 17
9 17
16 21
1 17
17 23
26 24
26 25
11 17
15 17
40 23
11 23
42 23
38 17
23 17
36 23
26 28
22 23
19 17
36 17
13 23
5 23
33 12
14 17
24 23
18 17
15 23
4 23
1 23
20 23
